-21.673128 
-2803.308597 
-3.156004 
-5.510406 
-1312.557897 
-83.654993 
-381.696096 
-34.503811 
-279.535018 
-2640.207070 
-138.263585 
-474.050372 
-6470.684835 
-369.681214 
-5.356820 
-343.079009 
-2440.113956 
-56.510784 
-125.744631 
-86.862234 
-65.984742 
-34.400594 
-125.532826 
-136.901672 
-196593106740694483315651829805374138622700165375595334947578554929683092659023507719056367327033657543569170541689265430152986531962541774110457856.000000 
-196.171834 
-5744.691800 
-4778.997616 
-178.154661 
-69275563649062679390876437572641973025127719240560085021206028861211180041041735029727048890005376092385196916098648273604596850020467626475520.000000 
-260.243548 
-14581.825255 
-178.932367 
-269.267216 
-15.491143 
-506.370903 
-366.110721 
-184.188650 
-160.178566 
-311.020599 
-8.671852 
-48.664062 
-6766.419715 
-441.113978 
-4.588565 
-85.351140 
-793.354800 
-703.808718 
-17959168108165098622317106869465437068633914538004084925351892285180006150172105924981987987800201835189952327436171957169049103842793671123986808832.000000 
-4834.498951 
-771.732397 
-563.525044 
-92.213114 
-101.414808 
-191.576169 
-97005.703165 
-2083.491326 
-1033.251375 
-317601320609408192455447352287806264116750716385396838822611373033133178880.000000 
-286.714862 
-1599.748650 
-478.518094 
-6.756529 
-840.122700 
-48.173600 
-1681.658742 
-6852.180123 
-79.789676 
-21.313733 
-40.341078 
-5.790364 
-7.520113 
-192.931341 
-5.077333 
-332.671298 
-520.256209 
-484.868052 
-44.859248 
-7454066433690059661431050780086278617037614642161968579597303588822450176.000000 
-460.638766 
-61334484731363561217148796793205191612793309600135761848831811936587504375749787237624271520635735694633131605572471116709708348510751948800.000000 
-33.560023 
-3017.093400 
-7.023566 
-384.568293 
-118.523924 
-357.179339 
-375.713796 
-869.439933 
-332.671298 
-253.649139 
-3126885598420901305097605456293742526344860237477303014618872689837794656256.000000 
-184.188650 
-378.768777 
-196.171834 
-91.240580 
-399.990042 
-124.873293 
-2270.267745 
-534.787278 
